Non-Ident-Additional-160-chr13
(0,)
(0,)
Non-Ident-Additional-160-chr13
(0,)
(0,)
[23383]
Non-Ident-Additional-160-chr18
(0,)
(0,)
[40570]
Non-Ident-Additional-160-chr21
(0,)
(0,)
[25286,118001]
Non-Ident-Additional-160-chr13
(0,)
(0,)
[23383]
Non-Ident-Additional-160-chr18
(0,)
(0,)
[40570]
Non-Ident-Additional-160-chr21
(0,)
(0,)
[25286,118001]
Ident-Recent-50-chr13
(5,)
(5,)
[]
Ident-Recent-50-chr18
(5,)
(5,)
[]
Ident-Recent-50-chr21
(5,)
(5,)
[]
Non-Ident-Commercial-500-chr13
(2,)
(2,)
[]
Non-Ident-Commercial-500-chr18
(2,)
(2,)
[]
Non-Ident-Commercial-500-chr21
(2,)
(2,)
[]
Ident-Commercial-500-chr13
(2,)
(2,)
[]
Ident-Commercial-500-chr18
(2,)
(2,)
[]
Ident-Commercial-500-chr21
(2,)
(2,)
[]
Ident-Additional-160-chr13
(0,)
(0,)
[]
Ident-Additional-160-chr18
(0,)
(0,)
[]
Ident-Additional-160-chr21
(0,)
(0,)
[]
Non-Ident-Recent-50-chr13
(43,)
(43,)
[]
Non-Ident-Recent-50-chr18
(43,)
(43,)
[]
Non-Ident-Recent-50-chr21
(43,)
(43,)
[]
NormalSample-chr13
(4,)
(4,)
[312218,320840,320841,312188,312187,312277,312307,312309,312306,312308,312194,312244,312279,312245,312304,312278,310815,311054,310832,311065,311180,311310,310799,311094,310796,311271,311128,310836,310807,311153,311092,311154,311049,311291,310840,310835,310817,310830,310874,311093,310768,310849,310828,310868,310777,311023,310804,310997,310834,311038,310860,310780,310875,310764,310876,310846,310779,310843,310848,310767,310841,310798,310842,310858,310928,310829,310831,310773,310808,310818,310847,310795,310856,310805,310857,310750,310776,310861,304957,310742]
NormalSample-chr18
(4,)
(4,)
[312218,320840,320841,312277,312307,312309,312306,312308,312194,312244,312279,312245,312193,312304,312278,311054,310832,311065,311180,311310,310799,311094,310796,311271,311007,311128,310836,310807,311153,311154,311049,311291,310840,310835,310830,310874,311093,310768,310849,310828,310756,310868,310777,311023,310997,310834,311038,310860,310780,310846,310779,310843,310848,310767,310841,310798,310858,310928,310829,310831,310773,310808,310847,310795,310856,310857,310750,310776,310861,304957,310742]
NormalSample-chr21
(4,)
(4,)
[312218,320840,320841,312188,312187,312277,312307,312309,312306,312308,312194,312244,312245,312193,312304,312278,311054,310832,311265,311065,311180,311310,310799,311123,311094,311269,310796,311271,311007,310836,310807,311153,311092,311154,310866,311049,311291,310840,310835,310817,310830,310816,310765,310865,311093,310768,310849,310828,310756,310868,310777,311023,310804,310834,310860,310780,310875,310962,310846,310771,310779,310843,310848,310767,310841,310798,310842,310858,310829,310831,310773,310808,310847,310795,310856,310805,310857,310750,310776,310861,304957,310742]
Trisomy21-chr13
(0,)
(0,)
[391993,310746,310745]
Trisomy21-chr18
(0,)
(0,)
[391993,311254,310746,311255,311256,310745]
Trisomy21-chr21
(0,)
(0,)
[311254,310746,311255,311256,310745]
Triploidy_Twins-chr13
(0,)
(0,)
[310855]
Triploidy_Twins-chr18
(0,)
(0,)
[310855]
Triploidy_Twins-chr21
(0,)
(0,)
[310855,305165]
Trisomy13-chr13
(0,)
(0,)
[]
Trisomy13-chr18
(0,)
(0,)
[]
Trisomy13-chr21
(0,)
(0,)
[]
Egg_donor-chr13
(0,)
(0,)
[]
Egg_donor-chr18
(0,)
(0,)
[]
Egg_donor-chr21
(0,)
(0,)
[]
-chr13
(2,)
(2,)
[311076,310915,310914,311050,311028,311011,310899,310987]
-chr18
(2,)
(2,)
[311315,311076,310915,310914,311050,311028,311011,310899,310987]
-chr21
(2,)
(2,)
[311315,311151,310915,310914,311050,311011,310899,310987]
MonosomyX-chr13
(0,)
(0,)
[]
MonosomyX-chr18
(0,)
(0,)
[]
MonosomyX-chr21
(0,)
(0,)
[]
Trisomy18-chr13
(3,)
(3,)
[311377]
Trisomy18-chr18
(3,)
(3,)
[]
Trisomy18-chr21
(3,)
(3,)
[311377]
